pc1,pc2,y
0.28302664,8.178411,0.0
0.2688629,8.165683,0.0
0.30641,8.222713,0.0
0.265552,8.144356,0.0
0.18920192,8.037052,0.0
0.2208613,8.077105,0.0
0.42111003,8.396138,0.0
0.40970626,8.388456,0.0
0.14139692,7.9453425,0.0
0.20261455,8.04413,0.0
0.21057002,8.064224,0.0
0.13328461,7.928975,0.0
0.100592665,7.885209,0.0
-0.044573635,7.597072,0.0
0.025344498,7.6661634,0.0
0.0016333376,7.642153,0.0
-0.31454867,7.0862207,0.0
-0.3969942,6.9382405,0.0
-0.227525,7.2292166,0.0
-0.51297736,6.729995,0.0
-0.5191815,6.7003226,0.0
-0.39997965,6.9118323,0.0
-0.5634525,6.595848,0.0
-0.48803607,6.726069,0.0
-0.57216483,6.579007,0.0
-0.6039646,6.50847,0.0
-0.77065116,6.196062,0.0
-0.8265622,6.076449,0.0
-0.69370306,6.2996545,0.0
-0.7706433,6.151887,0.0
-0.8054336,6.095109,0.0
-0.81175494,6.0448027,0.0
-0.9842358,5.704898,0.0
-0.9038357,5.851065,0.0
-0.9257061,5.754075,0.0
-0.8351241,5.9240956,0.0
-1.0237479,5.552939,0.0
-1.0450859,5.4599075,0.0
-1.054852,5.46253,0.0
-1.2817332,4.9679003,0.0
-1.1833432,5.174969,0.0
-1.1279359,5.254394,0.0
-1.4324142,4.584767,0.0
-1.3766037,4.671306,0.0
-1.2327771,4.9815984,0.0
-1.390159,4.618928,0.0
-1.3424599,4.6945324,0.0
-1.3566356,4.6457763,0.0
-1.3002853,4.723325,0.0
-1.1938536,4.958133,0.0
-1.366184,4.51108,0.0
-1.3858806,4.391797,0.0
-1.2945312,4.62598,0.0
-1.3154073,4.5473137,0.0
-1.4311821,4.1975164,0.0
-1.4480156,4.1303434,0.0
-1.3744191,4.2616634,0.0
-1.4013022,4.1658072,0.0
-1.5179143,3.7817335,0.0
-1.5122205,3.7376528,0.0
-1.4896344,3.7065291,0.0
-1.3706313,4.079547,0.0
-1.4972181,3.5853734,0.0
-1.5017267,3.504638,0.0
-1.409867,3.7752414,0.0
-1.4636261,3.517399,0.0
-1.4725907,3.4918172,0.0
-1.4764955,3.4076717,0.0
-1.4584211,3.3413372,0.0
-1.4256762,3.4762423,0.0
-1.4136689,3.4390512,0.0
-1.3909584,3.4335127,0.0
-1.385858,3.4152496,0.0
-1.4229639,3.1542099,0.0
-1.3614271,3.1445324,0.0
-1.359771,3.2405035,0.0
-1.3044714,3.2133172,0.0
-1.3183554,3.1692502,0.0
-1.3501648,2.940629,0.0
-1.3270737,2.9416392,0.0
-1.3063087,2.9604654,0.0
-1.3138884,2.778554,0.0
-1.2949733,2.879245,0.0
-1.2372262,3.1255188,0.0
-1.2637095,2.7879908,0.0
-1.2439313,2.6522844,0.0
-1.2060858,2.9323587,0.0
-1.1632563,3.1106935,0.0
-1.1443895,2.8907402,0.0
-1.1539898,2.912078,0.0
-1.1038649,2.8430207,0.0
-1.0942142,2.6568344,0.0
-1.0902244,2.7840405,0.0
-1.0408075,2.5910578,0.0
-1.0293212,2.4892237,0.0
-1.0221152,2.540772,0.0
-0.9896006,2.5545738,0.0
-0.9892016,2.5333378,0.0
-0.8928016,2.2261162,0.0
-0.89802796,2.3374703,0.0
-0.8873166,2.3845532,0.0
-0.87968594,2.3881843,0.0
-0.743332,2.1397712,0.0
-0.7817806,2.206784,0.0
-0.74034667,2.212549,0.0
-0.68944925,2.1671116,0.0
-0.7253816,2.3148293,0.0
-0.5153773,1.9192191,0.0
-0.44755664,1.8857194,0.0
-0.3956348,1.8454584,0.0
-0.47669002,1.969048,0.0
-0.3583589,1.8540548,0.0
-0.34224197,1.8458244,0.0
-0.24769588,1.7920991,0.0
-0.24441077,1.8244147,0.0
-0.117321745,1.7171544,0.0
-0.16382127,1.7986377,0.0
-0.28209567,1.9396329,0.0
-0.05057285,1.747243,0.0
-0.18404928,1.8831501,0.0
-0.12768249,1.823316,0.0
0.030128635,1.7376027,0.0
-0.063236125,1.8405734,0.0
0.06787832,1.738857,0.0
0.14686862,1.7073123,0.0
0.3663215,1.6031338,0.0
0.28919837,1.6623373,0.0
0.3160849,1.6518441,0.0
0.3328825,1.6651953,0.0
0.26926053,1.7206751,0.0
0.7693762,1.5285579,0.0
0.64629865,1.5674806,0.0
0.37663156,1.7028811,0.0
0.5129891,1.6424686,0.0
0.68099767,1.5912396,0.0
0.8271318,1.5499109,0.0
0.82517624,1.5566137,0.0
0.8164546,1.5703248,0.0
1.2375038,1.5014598,0.0
0.8887817,1.5687742,0.0
0.6263824,1.6634122,0.0
0.73035383,1.6345971,0.0
1.2731041,1.5090852,0.0
1.3350763,1.5084994,0.0
1.1964536,1.530002,0.0
1.3013302,1.525789,0.0
1.4521264,1.5142158,0.0
1.5423137,1.5024389,0.0
1.2431071,1.551263,0.0
1.2822077,1.5493095,0.0
1.7043047,1.4996133,0.0
1.7218678,1.5108919,0.0
1.2578546,1.5841426,0.0
1.5876437,1.5287194,0.0
1.6098384,1.5353969,0.0
2.04261,1.5132501,0.0
1.8252245,1.5175252,0.0
1.3702244,1.5859054,0.0
1.3983781,1.5931488,0.0
1.4810777,1.5790637,0.0
2.204845,1.5079263,0.0
2.2781916,1.5005163,0.0
1.6744463,1.5598658,0.0
1.9809868,1.5173633,0.0
2.3859177,1.4970616,0.0
2.3200521,1.512722,0.0
2.3551729,1.5170387,0.0
2.1773367,1.5269258,0.0
1.9259332,1.5595278,0.0
1.8263129,1.5730271,0.0
1.7700281,1.5927013,0.0
1.7123542,1.6074891,0.0
2.1402144,1.537398,0.0
2.1463404,1.5421852,0.0
2.019659,1.5772835,0.0
2.4292734,1.5226048,0.0
2.1197426,1.5549035,0.0
2.2630372,1.5399191,0.0
2.6975727,1.5090207,0.0
2.6856456,1.5261294,0.0
2.3069108,1.5421113,0.0
2.1767433,1.5632248,0.0
2.9502068,1.5030054,0.0
2.6930888,1.5348531,0.0
2.4927695,1.5412706,0.0
2.8014948,1.5140291,0.0
2.8656394,1.5229084,0.0
3.097863,1.5101293,0.0
2.6342099,1.5343555,0.0
2.6147597,1.5401499,0.0
3.0889993,1.5136238,0.0
3.1365113,1.5062658,0.0
2.8507729,1.5244812,0.0
3.1822317,1.503698,0.0
3.3271058,1.5007728,0.0
3.2077472,1.498426,0.0
3.3310883,1.4947189,0.0
3.3285594,1.4939345,0.0
3.3831003,1.4927839,0.0
3.4810035,1.4824692,0.0
3.8608189,1.4484153,0.0
3.6363213,1.4699146,0.0
3.4785883,1.4808553,0.0
2.9638574,1.5298059,0.0
3.826881,1.4608103,0.0
3.5964317,1.4693936,0.0
3.3251226,1.5034134,0.0
3.4221458,1.4948139,0.0
3.6964478,1.4635116,0.0
3.858962,1.4449017,0.0
4.0997663,1.4233167,0.0
3.9825587,1.4322302,0.0
4.2676396,1.4003806,0.0
4.2592707,1.401919,0.0
4.036821,1.4248832,0.0
4.3162575,1.3892357,0.0
4.0067215,1.4253722,0.0
4.2331963,1.3978668,0.0
4.3502274,1.3831911,0.0
4.6099405,1.3503745,0.0
4.0409207,1.417453,0.0
4.2842245,1.3874297,0.0
4.8575234,1.3038552,0.0
4.697781,1.3294419,0.0
4.451906,1.3595059,0.0
4.254489,1.3880593,0.0
4.7101107,1.3235294,0.0
4.713873,1.3219457,0.0
4.4629173,1.3547151,0.0
4.782701,1.3011764,0.0
4.95724,1.2635833,0.0
4.8847284,1.2797223,0.0
4.7136564,1.3044715,0.0
4.540763,1.3343832,0.0
5.0502543,1.2481562,0.0
4.8564467,1.2819841,0.0
4.8556714,1.2831382,0.0
4.6979237,1.306692,0.0
4.7151794,1.2984364,0.0
5.018395,1.2293245,0.0
5.008976,1.2309455,0.0
5.0552783,1.2233716,0.0
4.951453,1.2467586,0.0
4.7848854,1.2744181,0.0
5.265698,1.1650199,0.0
5.1161942,1.2049885,0.0
5.0017643,1.222231,0.0
5.3815894,1.1234456,0.0
5.264607,1.1579504,0.0
5.3091807,1.1393827,0.0
5.5170493,1.0690318,0.0
5.622041,1.028309,0.0
5.526888,1.0651042,0.0
5.2820406,1.1453471,0.0
5.7363753,0.96500576,0.0
5.414475,1.09946,0.0
5.522649,1.0587953,0.0
5.508626,1.0578368,0.0
5.4292703,1.077954,0.0
5.711346,0.9814828,0.0
5.619814,1.0097765,0.0
5.701894,0.97843236,0.0
5.716827,0.97091043,0.0
5.6774035,0.983133,0.0
5.729319,0.9638636,0.0
5.9048376,0.87054795,0.0
5.693682,0.9641546,0.0
5.696624,0.9668252,0.0
6.02043,0.79469824,0.0
6.0159044,0.7982061,0.0
5.788724,0.9224474,0.0
5.8598747,0.88318413,0.0
5.6213293,0.9995409,0.0
5.7073126,0.96044666,0.0
6.026795,0.7837087,0.0
5.812325,0.91111255,0.0
5.833491,0.8911686,0.0
5.952209,0.83310145,0.0
5.8148327,0.9045474,0.0
5.922542,0.8388439,0.0
5.953485,0.82440436,0.0
5.995006,0.79025954,0.0
6.0647564,0.74601614,0.0
6.012126,0.78982943,0.0
5.982572,0.8061641,0.0
5.9668717,0.812163,0.0
6.124581,0.6991301,0.0
5.9684653,0.8082629,0.0
6.177759,0.6525447,0.0
6.156,0.6716033,0.0
5.952603,0.8134315,0.0
6.006199,0.78214306,0.0
6.0406,0.7510043,0.0
6.065142,0.7385664,0.0
6.1977754,0.62904733,0.0
6.171186,0.6483945,0.0
6.057975,0.7387115,0.0
6.144734,0.67090505,0.0
6.2306643,0.5899977,0.0
6.215132,0.60615265,0.0
6.2771115,0.54118216,0.0
6.2874327,0.526099,0.0
6.0534377,0.7351187,0.0
6.146681,0.6632194,0.0
6.34135,0.46368995,0.0
6.481483,0.23264612,0.0
6.1745605,0.64268583,0.0
6.2130413,0.59077483,0.0
6.386737,0.39487913,0.0
6.365956,0.404545,0.0
6.244071,0.55365443,0.0
6.16791,0.634382,0.0
6.306977,0.48492765,0.0
6.3713274,0.40374714,0.0
6.301586,0.4890131,0.0
6.305542,0.49236897,0.0
6.4471726,0.2686209,0.0
6.238368,0.55867356,0.0
6.3658466,0.3951902,0.0
6.470576,0.22774369,0.0
6.4321284,0.29471114,0.0
6.336937,0.43379632,0.0
6.433013,0.28833798,0.0
6.447028,0.2510176,0.0
6.281699,0.49489686,0.0
6.4083,0.3230758,0.0
6.5032964,0.14154533,0.0
6.4752135,0.21522537,0.0
6.382503,0.3523922,0.0
6.416175,0.30859137,0.0
6.4622726,0.23549207,0.0
6.5037985,0.14223048,0.0
6.4732122,0.20010994,0.0
6.5458574,0.054083902,0.0
6.370958,0.3664074,0.0
6.3774414,0.3589528,0.0
6.5440254,0.05312922,0.0
6.4694495,0.19006184,0.0
6.4253387,0.27268845,0.0
6.5306764,0.06316334,0.0
6.528861,0.07540326,0.0
6.5501513,0.038162325,0.0
6.545241,0.030753095,0.0
6.527872,0.05825018,0.0
6.4979258,0.12046223,0.0
6.5895066,-0.100426055,0.0
6.5370917,0.035002325,0.0
6.5754423,-0.058196805,0.0
6.599746,-0.14067742,0.0
6.515203,0.076082915,0.0
6.5345078,0.039942008,0.0
6.4995627,0.10851831,0.0
6.490953,0.12807235,0.0
6.59181,-0.12914592,0.0
6.586374,-0.121065296,0.0
6.6010194,-0.20748414,0.0
6.6736507,-0.43906185,0.0
6.6592755,-0.37298316,0.0
6.5300765,0.016621146,0.0
6.6242642,-0.2704511,0.0
6.641288,-0.3292594,0.0
6.67615,-0.460302,0.0
6.5940013,-0.18748684,0.0
6.6118684,-0.23332119,0.0
6.686832,-0.50917774,0.0
6.7241573,-0.71759814,0.0
6.685713,-0.56370884,0.0
6.700439,-0.65213215,0.0
6.740256,-0.82884353,0.0
6.576154,-0.14616139,0.0
6.6539793,-0.3939379,0.0
6.605134,-0.21257016,0.0
6.6583076,-0.4049994,0.0
6.685247,-0.5365698,0.0
6.737074,-0.8320622,0.0
6.7376604,-0.7989278,0.0
6.6711526,-0.4696499,0.0
6.6744,-0.4769072,0.0
6.7238436,-0.7092035,0.0
6.7228856,-0.72339314,0.0
6.681186,-0.50724727,0.0
6.6743827,-0.492933,0.0
6.7348695,-0.82641363,0.0
6.752645,-1.1289068,0.0
6.6759815,-0.5094785,0.0
6.6952963,-0.60065234,0.0
6.717595,-0.6891502,0.0
6.710425,-0.673448,0.0
6.699229,-0.65480715,0.0
6.7282743,-0.7986933,0.0
6.707031,-0.67522407,0.0
6.6922092,-0.57898676,0.0
6.7288632,-0.79679567,0.0
6.7327423,-0.84152555,0.0
6.7352514,-0.885279,0.0
6.7351594,-0.93527156,0.0
6.7652116,-1.3324358,0.0
6.7577004,-1.2314975,0.0
6.73938,-1.0465899,0.0
6.696704,-0.6165885,0.0
6.760487,-1.3372198,0.0
6.752433,-1.1426495,0.0
6.7325864,-0.8815548,0.0
6.7547836,-1.1289308,0.0
6.7630672,-1.210513,0.0
6.7764773,-1.5314522,0.0
6.743966,-1.0132098,0.0
6.741377,-1.0409099,0.0
6.7768993,-1.4609861,0.0
6.750271,-1.06972,0.0
6.7555904,-1.2234809,0.0
6.778412,-1.5611159,0.0
6.745871,-1.1006812,0.0
6.759263,-1.2953357,0.0
6.7711205,-1.413786,0.0
6.7835774,-1.8355436,0.0
6.7700877,-1.4493757,0.0
6.768009,-1.3783445,0.0
6.772311,-1.51402,0.0
6.7419467,-1.134481,0.0
6.7927957,-2.1319952,0.0
6.7775598,-1.5435269,0.0
6.756037,-1.3565536,0.0
6.765619,-1.5339632,0.0
6.7748694,-1.8520645,0.0
6.793415,-2.4944685,0.0
6.7908025,-2.3474658,0.0
6.778842,-1.8695575,0.0
6.7861814,-1.5252345,0.0
6.769936,-1.3923923,0.0
6.7818084,-1.8498031,0.0
6.789206,-2.0817173,0.0
6.7813787,-1.8735492,0.0
6.782818,-2.0375009,0.0
6.789592,-2.575739,0.0
6.797131,-2.954387,0.0
6.786365,-2.1717052,0.0
6.78918,-2.2638566,0.0
6.7892513,-2.5657756,0.0
6.7873106,-2.6578093,0.0
6.790723,-2.8137372,0.0
6.791976,-2.8777306,0.0
6.787969,-2.4174342,0.0
6.7883544,-2.2548923,0.0
6.780466,-2.5257657,0.0
6.791923,-2.935383,0.0
6.7902584,-2.4172244,0.0
6.7855616,-2.4170861,0.0
6.7907305,-2.678622,0.0
6.7842107,-2.505794,0.0
6.7917743,-2.3306727,0.0
6.793692,-2.8587873,0.0
6.7798333,-2.3741872,0.0
6.784324,-2.543835,0.0
6.8053193,-3.2311907,0.0
6.8037887,-3.3228548,0.0
6.791841,-2.9419856,0.0
6.781467,-2.5341806,0.0
6.790034,-2.6808777,0.0
6.7885346,-2.5142365,0.0
6.7856965,-2.614136,0.0
6.7943525,-2.9828398,0.0
6.797628,-2.8294475,0.0
6.802501,-3.1676078,0.0
6.8001842,-3.1453328,0.0
6.797024,-2.8220816,0.0
6.7936573,-2.7430124,0.0
6.7874303,-2.6647413,0.0
6.815842,-3.5115385,0.0
6.814118,-3.6296241,0.0
6.7946587,-2.8312097,0.0
6.798735,-3.1108854,0.0
6.8293653,-3.8315554,0.0
6.8119855,-3.4586196,0.0
6.8067403,-3.3088083,0.0
6.796428,-2.9287577,0.0
6.8168955,-3.5198088,0.0
6.895111,-4.546637,0.0
6.877954,-4.3700175,0.0
6.891613,-4.544131,0.0
6.880488,-4.4245105,0.0
6.859408,-4.163632,0.0
7.053066,-5.5658903,0.0
7.0161104,-5.3514504,0.0
6.9127603,-4.690566,0.0
6.9394965,-4.9482303,0.0
6.841786,-3.887888,0.0
6.951786,-5.0260777,0.0
7.2281146,-6.2315383,0.0
7.34882,-6.593616,0.0
7.0441103,-5.503387,0.0
6.9711027,-5.10281,0.0
7.42181,-6.8045278,0.0
7.0149093,-5.3464046,0.0
7.0926795,-5.714266,0.0
7.139309,-5.878643,0.0
6.9296827,-4.8749146,0.0
6.902208,-4.66325,0.0
6.9881153,-5.20788,0.0
7.023898,-5.387395,0.0
6.950229,-5.000032,0.0
7.0580482,-5.5524173,0.0
7.0711484,-5.6097417,0.0
7.0451255,-5.5086255,0.0
7.104675,-5.771939,0.0
7.0707693,-5.6137652,0.0
7.2460566,-6.2642384,0.0
7.197787,-6.1214137,0.0
7.4211392,-6.796008,0.0
7.1066337,-5.770086,0.0
7.1430326,-5.891264,0.0
7.056771,-5.5494986,0.0
7.6056542,-7.26121,0.0
7.087934,-5.7009892,0.0
6.9418488,-4.9509444,0.0
7.0545125,-5.5359592,0.0
7.099765,-5.7623644,0.0
7.0145097,-5.3519607,0.0
6.977307,-5.148291,0.0
6.920373,-4.7993674,0.0
7.041211,-5.4778943,0.0
7.1748357,-6.0204144,0.0
7.136328,-5.8803687,0.0
7.144815,-5.9078035,0.0
7.2136664,-6.135873,0.0
7.161789,-5.9658685,0.0
7.088016,-5.671437,0.0
7.13012,-5.8496923,0.0
7.208704,-6.1473675,0.0
7.1416507,-5.902374,0.0
7.2631006,-6.314666,0.0
7.0968065,-5.715189,0.0
7.1599293,-5.9759464,0.0
7.3202333,-6.5298157,0.0
7.0386744,-5.4398766,0.0
7.2104573,-6.158087,0.0
7.6327877,-7.3220124,0.0
7.632735,-7.325209,0.0
2.2293484,2.8345752,1.0
3.0521438,5.3548503,1.0
2.8623161,5.013422,1.0
2.8809178,5.01344,1.0
2.9772751,5.249014,1.0
2.894611,5.045962,1.0
2.8859694,5.029447,1.0
2.8515172,4.9909163,1.0
2.848727,4.965848,1.0
2.8924327,5.0309663,1.0
2.9071083,5.085751,1.0
2.8990073,5.055862,1.0
2.8659804,5.00434,1.0
2.8174348,4.9348135,1.0
2.8820446,5.0339413,1.0
2.8528135,4.9652376,1.0
2.8379388,4.927425,1.0
2.8226163,4.93981,1.0
2.8494713,4.9585853,1.0
2.8875687,5.062291,1.0
2.8797927,4.9898334,1.0
2.834335,4.928429,1.0
2.8279448,4.8890557,1.0
2.771109,4.7983108,1.0
2.8356814,4.939544,1.0
2.8857539,5.0121145,1.0
2.8030465,4.79317,1.0
2.8028443,4.8225765,1.0
2.837224,4.938835,1.0
2.8750772,4.9540753,1.0
2.8091803,4.8607883,1.0
2.752023,4.763544,1.0
2.7695785,4.7982655,1.0
2.7752855,4.7796545,1.0
2.7978709,4.7955236,1.0
2.8190322,4.8329515,1.0
2.707015,4.65199,1.0
2.7629282,4.7436357,1.0
2.805199,4.8467,1.0
2.806181,4.858757,1.0
2.7116873,4.6067076,1.0
2.651356,4.446193,1.0
2.5989106,4.2993646,1.0
2.5808113,4.2672744,1.0
2.573783,4.259552,1.0
2.6044552,4.3700356,1.0
2.5722022,4.2638736,1.0
2.6094491,4.39106,1.0
2.6513789,4.5099273,1.0
2.6681507,4.5034328,1.0
2.6704504,4.4793744,1.0
2.5797236,4.247596,1.0
2.5803602,4.2992578,1.0
2.5822108,4.299553,1.0
2.6731334,4.5110497,1.0
2.52036,4.081715,1.0
2.6978817,4.5753756,1.0
2.73789,4.619251,1.0
2.6752467,4.5127397,1.0
2.6591842,4.485811,1.0
2.7233167,4.576314,1.0
2.5940735,4.300007,1.0
2.582629,4.260629,1.0
2.557503,4.156474,1.0
2.587015,4.26483,1.0
2.50533,4.0915008,1.0
2.57681,4.2112403,1.0
2.537626,4.1436477,1.0
2.6869364,4.481303,1.0
2.5869644,4.2669463,1.0
2.5365002,4.132318,1.0
2.6438084,4.419284,1.0
2.6605263,4.433563,1.0
2.6772277,4.49526,1.0
2.6156585,4.344246,1.0
2.5950172,4.2607017,1.0
2.7098863,4.544977,1.0
2.6478279,4.3920455,1.0
2.6462781,4.4137874,1.0
2.654759,4.43446,1.0
2.6330814,4.3295913,1.0
2.6582868,4.43839,1.0
2.6312978,4.3162737,1.0
2.6756816,4.4503074,1.0
2.6257782,4.3541613,1.0
2.6005082,4.2942123,1.0
2.6712186,4.42414,1.0
2.6064336,4.32157,1.0
2.6099672,4.2702456,1.0
2.6226103,4.264211,1.0
2.5739858,4.1914554,1.0
2.6208835,4.278236,1.0
2.6364992,4.3159723,1.0
2.6237285,4.359047,1.0
2.5662904,4.165602,1.0
2.6099222,4.255602,1.0
2.5859685,4.250842,1.0
2.5532756,4.1092124,1.0
2.6009364,4.2627664,1.0
2.63186,4.3392944,1.0
2.5667143,4.0945287,1.0
2.5650878,4.1276846,1.0
2.564698,4.1450315,1.0
2.561765,4.0987496,1.0
2.6089132,4.223644,1.0
2.5731993,4.128412,1.0
2.5698667,4.0860887,1.0
2.5477028,4.0992327,1.0
2.5862176,4.153221,1.0
2.5969965,4.171545,1.0
2.5069394,4.0183134,1.0
2.5327363,4.0193896,1.0
2.6270683,4.301839,1.0
2.589156,4.222172,1.0
2.583045,4.146875,1.0
2.5547428,4.076673,1.0
2.5793686,4.156819,1.0
2.5756857,4.1246653,1.0
2.5168464,3.9948702,1.0
2.537508,4.0231953,1.0
2.5640867,4.0770035,1.0
2.5849578,4.163164,1.0
2.5810905,4.0847397,1.0
2.547329,4.0168724,1.0
2.513579,3.9434502,1.0
2.5413854,3.9864285,1.0
2.5559585,4.0185623,1.0
2.58084,4.148562,1.0
2.5169983,3.902733,1.0
2.5202043,3.8879912,1.0
2.5572557,4.049774,1.0
2.5623837,4.0341697,1.0
2.536022,3.9971983,1.0
2.5339596,3.9462752,1.0
2.4830012,3.8071811,1.0
2.5146213,3.9179325,1.0
2.550098,3.9604347,1.0
2.584447,4.0938344,1.0
2.5085273,3.8632574,1.0
2.5208714,3.8443284,1.0
2.5709329,4.0437665,1.0
2.571813,4.0607953,1.0
2.5183167,3.8517475,1.0
2.5176675,3.90041,1.0
2.4792292,3.7558706,1.0
2.5029716,3.769945,1.0
2.5296135,3.8479018,1.0
2.5300653,3.8984933,1.0
2.4860592,3.7173016,1.0
2.4647162,3.732311,1.0
2.5425587,3.90006,1.0
2.539791,3.863919,1.0
2.4955816,3.7355456,1.0
2.4733648,3.6988628,1.0
2.4625707,3.7290413,1.0
2.4908981,3.7826567,1.0
2.4776196,3.6781301,1.0
2.4696908,3.7650886,1.0
2.5079465,3.795368,1.0
2.4807925,3.664646,1.0
2.4674394,3.7139518,1.0
2.4999313,3.7412732,1.0
2.460326,3.5474718,1.0
2.4796903,3.6794455,1.0
2.53787,3.8110144,1.0
2.5442712,3.828247,1.0
2.478775,3.6731863,1.0
2.4477625,3.5298698,1.0
2.5057325,3.7842293,1.0
2.4706066,3.606211,1.0
2.450546,3.4827528,1.0
2.4776204,3.5727878,1.0
2.4544613,3.5512488,1.0
2.476786,3.6060255,1.0
2.4955728,3.7308238,1.0
2.4723177,3.6042209,1.0
2.4860575,3.5503547,1.0
2.4218,3.4322789,1.0
2.4668794,3.5959368,1.0
2.4674633,3.5778513,1.0
2.4085994,3.443937,1.0
2.4366887,3.4312193,1.0
2.4675093,3.539108,1.0
2.468705,3.559858,1.0
2.4692307,3.4904454,1.0
2.4573112,3.5040376,1.0
2.4461112,3.3994586,1.0
2.451552,3.3764708,1.0
2.4681852,3.4508545,1.0
2.478315,3.5969977,1.0
2.433214,3.3478127,1.0
2.4731712,3.4711745,1.0
2.486588,3.4956243,1.0
2.4710612,3.4424603,1.0
2.442817,3.3750978,1.0
2.444756,3.355893,1.0
2.4544508,3.5541322,1.0
2.4581654,3.6230469,1.0
2.4327946,3.3186936,1.0
2.4117332,3.3032217,1.0
2.4554503,3.5475552,1.0
2.4369712,3.3942118,1.0
2.4362144,3.3061779,1.0
2.4140651,3.2498164,1.0
2.4609087,3.3331387,1.0
2.4189467,3.3395936,1.0
2.4352164,3.3134923,1.0
2.477548,3.3543572,1.0
2.4228044,3.2874722,1.0
2.4386477,3.2412686,1.0
2.4576268,3.2864015,1.0
2.457289,3.2373955,1.0
2.452742,3.243225,1.0
2.4374332,3.1603727,1.0
2.4438782,3.2812622,1.0
2.4400759,3.2351751,1.0
2.4337666,3.0980775,1.0
2.450862,3.2087681,1.0
2.4755602,3.2609005,1.0
2.4271696,3.3635316,1.0
2.43688,3.242998,1.0
2.4533925,3.1852653,1.0
2.4247823,3.2928524,1.0
2.4635391,3.2935836,1.0
2.4929724,3.086252,1.0
2.4770818,3.0664637,1.0
2.4631374,3.0162709,1.0
2.5174403,3.0584023,1.0
2.4700038,3.0804255,1.0
2.4696276,3.0257099,1.0
2.4673357,2.984719,1.0
2.4485717,3.0632448,1.0
2.4529393,3.2331135,1.0
2.4565866,3.1497247,1.0
2.4543335,3.0948353,1.0
2.4966152,3.0778441,1.0
2.4675915,3.0240526,1.0
2.4657838,3.089553,1.0
2.4798703,3.103214,1.0
2.4658468,3.125901,1.0
2.4700463,3.0315828,1.0
2.5033875,3.0039043,1.0
2.4602957,3.1425288,1.0
2.458737,3.1143632,1.0
2.4852278,2.9291852,1.0
2.4837313,3.0187092,1.0
2.479389,3.0035293,1.0
2.4813886,3.016212,1.0
2.4937463,2.9512691,1.0
2.506694,2.9573267,1.0
2.4942563,2.994302,1.0
2.5080404,2.9601016,1.0
2.4988754,2.9582322,1.0
2.5198627,2.986835,1.0
2.501493,2.9458811,1.0
2.4967415,2.9605968,1.0
2.4612758,3.1076376,1.0
2.4823632,2.9791536,1.0
2.5122428,2.8881946,1.0
2.4957001,2.8061085,1.0
2.4670308,2.9677665,1.0
2.4869833,2.928745,1.0
2.5007913,2.7536614,1.0
2.5120587,2.8534904,1.0
2.4767182,2.925208,1.0
2.4927473,3.059179,1.0
2.543604,2.8641639,1.0
2.561034,2.7614145,1.0
2.5369725,2.8712053,1.0
2.5339625,2.792437,1.0
2.5699003,2.7197707,1.0
2.5220628,2.8517232,1.0
2.554667,2.7482574,1.0
2.5314944,2.9334784,1.0
2.5156543,2.7875454,1.0
2.5719895,2.7576375,1.0
2.5347416,2.813637,1.0
2.5190268,2.75634,1.0
2.532095,2.9354124,1.0
2.5119548,2.8251078,1.0
2.5398583,2.7545867,1.0
2.5733273,2.6766455,1.0
2.5307922,2.7134547,1.0
2.5287244,2.7827077,1.0
2.5786157,2.6420212,1.0
2.5417898,2.7820678,1.0
2.5660343,2.76505,1.0
2.5820954,2.733127,1.0
2.5729306,2.6484327,1.0
2.611568,2.613208,1.0
2.5678654,2.6612089,1.0
2.546098,2.7536306,1.0
2.6368656,2.6089604,1.0
2.5828602,2.623659,1.0
2.5997791,2.655519,1.0
2.6269212,2.592961,1.0
2.6129115,2.5969732,1.0
2.6271634,2.5603898,1.0
2.571023,2.744637,1.0
2.590312,2.6540196,1.0
2.5923102,2.6068263,1.0
2.6502306,2.5766478,1.0
2.6025739,2.6528065,1.0
2.5939007,2.7563841,1.0
2.6616876,2.5473921,1.0
2.6139226,2.6015868,1.0
2.624428,2.658816,1.0
2.6528504,2.5420258,1.0
2.6511257,2.5100017,1.0
2.7002945,2.4212635,1.0
2.658181,2.5277038,1.0
2.6102602,2.689867,1.0
2.7210755,2.439781,1.0
2.6474547,2.6049306,1.0
2.6009104,2.6518748,1.0
2.661469,2.6314611,1.0
2.684007,2.5310862,1.0
2.7275548,2.3902578,1.0
2.6799426,2.523223,1.0
2.678375,2.4968545,1.0
2.732508,2.411567,1.0
2.6962876,2.504007,1.0
2.6796937,2.472889,1.0
2.7468321,2.4099379,1.0
2.6743565,2.4866555,1.0
2.6774125,2.4938126,1.0
2.7849536,2.358373,1.0
2.7853386,2.3150785,1.0
2.6704664,2.5689,1.0
2.7368155,2.4008224,1.0
2.7844157,2.3425643,1.0
2.7530134,2.3583674,1.0
2.7367313,2.4028487,1.0
2.6987453,2.4802706,1.0
2.7946393,2.304036,1.0
2.811958,2.3239558,1.0
2.728646,2.4173813,1.0
2.7605863,2.370101,1.0
2.7734003,2.386953,1.0
2.7541971,2.3618164,1.0
2.8680809,2.2245634,1.0
2.8644676,2.1949604,1.0
2.7643688,2.332457,1.0
2.8143017,2.296445,1.0
2.9047296,2.155966,1.0
2.8687901,2.183411,1.0
2.8648436,2.2108228,1.0
2.8487759,2.2188158,1.0
2.763911,2.3652458,1.0
2.858323,2.2278886,1.0
2.794474,2.3204808,1.0
2.8222704,2.2790182,1.0
2.955496,2.1065028,1.0
2.9213002,2.130028,1.0
2.8245955,2.315668,1.0
2.8137352,2.341555,1.0
2.8557966,2.2115233,1.0
2.8736677,2.2561333,1.0
